boeing	98.48	53.00	107.92	109.33	27.42	4.04	3369.84
boeing	125.73	69.00	101.66	102.85	27.80	4.12	2987.80
boeing	112.02	61.00	71.05	.	18.59	4.43	1144.92
boeing	196.83	56.00	85.81	.	30.74	3.88	1664.22
boeing	90.10	70.00	59.89	.	32.40	4.03	1050.26
boeing	137.60	55.00	75.01	.	41.21	4.20	1627.07
boeing	73.02	54.00	54.43	.	24.04	3.84	805.30
boeing	52.90	57.00	57.10	.	19.39	4.64	573.62
boeing	155.52	61.00	85.44	.	35.38	4.23	1698.99
boeing	176.86	56.00	61.80	.	36.75	4.18	1137.75
boeing	158.46	61.00	53.78	.	46.36	5.56	1075.37
boeing	180.62	54.00	141.22	141.72	23.58	5.22	6533.05
boeing	72.29	54.00	93.39	92.87	32.22	3.82	2128.71
boeing	187.60	58.00	94.04	96.20	33.66	4.64	2304.86
boeing	154.37	63.00	63.54	.	26.40	3.86	1089.97
boeing	165.54	69.00	48.77	.	31.23	3.90	943.07
boeing	153.55	61.00	83.56	.	29.90	3.52	1793.56
boeing	107.11	78.00	86.81	.	25.48	4.41	1910.88
boeing	233.80	69.00	104.81	103.87	43.88	3.25	3213.99
boeing	163.91	55.00	119.38	120.44	38.56	3.70	4524.28
boeing	97.48	63.00	73.53	.	29.15	4.01	1332.04
boeing	118.63	55.00	79.99	.	29.37	4.41	1515.97
boeing	126.54	70.00	94.78	91.14	39.48	3.59	2182.22
boeing	179.92	66.00	63.67	.	19.57	4.29	873.44
boeing	112.90	53.00	98.18	99.14	28.15	3.99	2586.67
boeing	56.64	66.00	72.95	.	36.15	4.39	1205.13
boeing	86.83	62.00	91.71	92.87	28.77	3.31	2313.34
boeing	157.36	57.00	72.33	.	26.22	4.22	1105.37
boeing	186.68	49.00	66.42	.	44.69	4.11	1176.03
boeing	140.24	65.00	118.74	119.40	19.86	4.65	4217.13
boeing	130.46	52.00	116.71	117.66	36.20	3.89	4240.09
boeing	142.16	46.00	39.77	.	39.66	4.60	1030.46
boeing	155.85	62.00	79.75	.	23.84	3.40	1322.21
boeing	124.94	44.00	72.55	.	42.86	4.03	1321.16
boeing	98.70	71.00	69.75	.	50.62	3.91	1426.48
boeing	93.53	61.00	90.33	90.11	42.41	4.42	2259.84
boeing	228.18	78.00	61.22	.	21.77	4.60	970.05
boeing	201.37	71.00	41.46	.	28.54	4.60	763.70
boeing	155.93	71.00	72.00	.	35.38	3.64	1227.90
boeing	202.55	65.00	93.62	95.32	18.59	4.16	1987.82
boeing	155.63	66.00	64.95	.	27.06	4.44	920.29
boeing	194.67	63.00	95.73	97.19	47.59	3.73	2526.47
boeing	80.00	64.00	100.17	100.26	48.60	5.06	2771.13
boeing	136.98	60.00	59.09	.	23.94	3.23	987.56
boeing	124.66	61.00	76.53	.	20.24	3.94	1379.26
boeing	119.71	63.00	67.97	.	27.86	3.69	1237.47
boeing	121.11	63.00	101.05	101.72	40.04	3.90	2830.44
boeing	118.26	75.00	70.17	.	17.74	4.27	830.71
boeing	122.19	65.00	70.26	.	19.98	4.23	1160.87
boeing	204.45	66.00	80.73	.	46.84	4.41	1995.41
boeing	176.37	71.00	62.22	.	43.94	5.32	825.52
boeing	112.47	60.00	63.24	.	29.62	5.23	832.52
boeing	196.28	67.00	78.66	.	46.59	4.15	1768.47
boeing	176.85	62.00	54.58	.	19.86	3.15	669.12
boeing	247.22	57.00	73.31	.	20.34	3.88	1217.32
boeing	211.17	59.00	61.53	.	15.39	3.71	751.99
boeing	116.98	67.00	122.76	123.88	30.22	3.21	4807.88
boeing	153.66	53.00	79.41	.	14.45	3.25	1240.28
boeing	150.84	59.00	56.44	.	20.78	3.73	731.33
boeing	283.76	62.00	58.89	.	4.26	4.77	425.86
boeing	183.30	56.00	60.23	.	36.49	4.47	914.22
boeing	154.06	63.00	94.63	93.94	41.42	4.76	2342.77
boeing	135.17	57.00	85.58	.	42.13	3.33	2123.80
boeing	107.12	60.00	93.90	93.19	26.47	3.85	2157.42
boeing	126.95	49.00	84.59	.	37.08	3.34	1814.79
boeing	161.89	72.00	129.26	128.42	33.95	4.14	5381.96
boeing	196.46	52.00	81.53	.	22.41	3.70	1587.39
boeing	130.95	76.00	44.73	.	32.78	4.86	874.80
boeing	70.97	61.00	80.37	.	43.52	4.06	1812.43
boeing	130.49	68.00	94.38	92.15	19.57	4.64	1995.37
boeing	152.73	54.00	83.66	.	25.68	4.45	1470.78
boeing	270.60	55.00	63.19	.	20.80	4.01	829.08
boeing	97.76	49.00	66.19	.	47.72	3.62	1595.13
boeing	175.08	64.00	52.49	.	-3.55	4.21	581.38
boeing	130.42	60.00	111.89	110.20	10.26	4.51	3164.47
boeing	139.21	72.00	49.51	.	30.86	4.25	827.42
boeing	165.89	60.00	49.17	.	28.21	3.89	662.17
boeing	83.52	44.00	95.07	96.08	17.38	3.20	2183.80
boeing	180.14	65.00	91.00	91.59	17.64	4.41	1838.57
boeing	79.47	58.00	51.84	.	18.99	4.83	676.19
boeing	218.02	61.00	98.21	96.03	24.53	4.38	2149.56
boeing	71.57	52.00	46.97	.	48.84	3.73	1136.01
boeing	146.39	47.00	90.35	.	14.11	4.04	1593.06
boeing	133.56	72.00	94.27	92.88	33.05	3.79	2351.07
boeing	209.28	67.00	76.53	.	30.60	4.24	1236.38
boeing	161.11	57.00	47.88	.	28.04	4.69	745.65
boeing	162.45	49.00	57.65	.	30.31	3.93	981.89
boeing	88.95	64.00	71.35	.	38.43	4.31	1215.69
boeing	221.52	54.00	73.47	.	42.14	3.47	1526.56
boeing	156.81	47.00	95.32	94.22	30.27	3.65	2233.05
boeing	163.74	53.00	44.39	.	37.76	3.82	996.87
boeing	17.38	63.00	63.57	.	28.41	3.94	1032.46
boeing	212.94	61.00	29.23	.	23.35	4.40	1076.86
boeing	124.35	67.00	78.95	.	28.97	3.81	1480.57
boeing	205.87	62.00	114.00	110.66	34.44	3.87	3405.35
boeing	161.80	59.00	72.61	.	58.08	3.67	1698.18
boeing	125.23	58.00	99.17	96.93	36.69	4.23	2556.60
boeing	169.09	68.00	72.57	.	39.69	4.07	1457.76
boeing	153.79	58.00	109.54	109.38	12.99	3.99	3188.27
boeing	178.71	51.00	70.48	.	7.58	4.82	822.23
boeing	108.34	58.00	108.13	108.50	42.95	4.63	3545.25
boeing	130.42	52.00	71.68	.	9.69	3.76	975.34
boeing	183.26	69.00	81.58	.	27.69	3.75	1497.17
boeing	155.41	60.00	45.07	.	34.15	3.91	1196.46
boeing	76.90	68.00	67.61	.	44.06	3.83	1388.37
boeing	163.09	61.00	106.68	104.45	18.85	3.51	2850.71
boeing	146.20	48.00	55.43	.	21.79	4.75	777.34
boeing	151.88	57.00	91.51	90.50	17.09	3.67	1780.11
boeing	141.93	46.00	27.74	.	24.40	4.37	1323.72
boeing	124.24	66.00	82.63	.	18.26	4.29	1515.14
boeing	112.32	74.00	79.26	.	37.20	4.34	1158.84
boeing	135.03	61.00	84.89	.	15.02	5.93	1668.21
boeing	139.38	54.00	84.10	.	37.32	3.87	1853.96
boeing	158.79	66.00	56.01	.	36.60	4.11	1098.85
boeing	202.67	64.00	52.55	.	43.97	3.07	1208.50
boeing	241.95	69.00	64.97	.	28.50	4.07	1007.70
boeing	171.79	64.00	70.20	.	28.92	4.50	1197.82
boeing	131.75	61.00	105.06	107.44	25.44	5.31	3062.07
boeing	124.79	68.00	106.12	104.13	42.90	4.04	2924.84
boeing	99.16	59.00	93.25	93.47	25.76	4.42	2047.70
boeing	198.37	58.00	65.28	.	24.90	4.39	904.23
boeing	254.11	54.00	63.28	.	41.33	4.26	1183.92
boeing	150.30	60.00	95.82	96.55	27.40	4.12	2206.68
boeing	95.30	52.00	92.77	91.07	35.46	4.23	1960.40
boeing	147.20	56.00	88.71	.	40.95	4.13	1967.36
boeing	191.02	54.00	80.33	.	48.43	3.69	1809.46
boeing	213.78	73.00	57.43	.	48.87	4.18	1154.44
boeing	150.39	46.00	112.10	111.44	19.72	4.50	3479.13
boeing	223.40	59.00	42.80	.	34.55	5.29	851.96
boeing	96.71	51.00	56.65	.	26.54	4.22	1048.62
boeing	206.95	52.00	69.38	.	24.74	4.03	1005.12
boeing	194.00	51.00	84.84	.	23.30	4.96	1769.78
boeing	107.47	56.00	71.97	.	32.46	3.48	1249.73
boeing	185.80	55.00	65.00	.	48.28	4.66	1299.36
boeing	157.14	60.00	52.61	.	30.77	4.59	825.48
boeing	121.46	69.00	61.61	.	22.78	3.40	968.29
boeing	149.46	50.00	85.63	.	32.54	3.72	2046.07
boeing	120.35	62.00	76.97	.	12.35	4.81	1071.74
boeing	170.80	65.00	52.27	.	29.59	3.29	1057.71
boeing	209.11	58.00	124.57	125.99	40.10	4.65	5147.41
boeing	177.19	65.00	85.90	.	33.54	4.03	1710.86
boeing	126.26	58.00	72.60	.	21.22	3.88	971.07
boeing	175.15	69.00	55.38	.	54.28	4.65	1125.80
boeing	179.98	54.00	41.20	.	35.73	4.94	898.31
boeing	65.70	64.00	92.65	94.74	23.53	5.26	2022.73
boeing	127.99	59.00	114.29	113.86	25.47	5.14	3668.89
boeing	100.98	57.00	91.22	90.00	45.02	4.10	2187.23
boeing	187.21	54.00	88.57	.	14.75	3.94	2041.67
boeing	298.52	66.00	84.18	.	26.32	3.84	1616.36
boeing	78.46	70.00	107.99	109.46	19.70	4.76	3184.33
boeing	183.57	70.00	64.97	.	21.56	4.02	822.94
boeing	129.93	51.00	84.35	.	23.86	4.62	1671.13
boeing	217.93	59.00	96.37	97.10	29.91	4.55	2217.83
boeing	94.43	59.00	86.38	.	39.09	4.19	1943.13
boeing	114.76	49.00	107.13	107.52	25.20	4.68	3011.38
boeing	211.71	68.00	71.94	.	22.52	4.85	1288.83
boeing	78.25	72.00	77.00	.	13.80	4.20	1273.66
boeing	139.86	63.00	69.49	.	24.57	4.68	1033.72
boeing	111.01	62.00	62.72	.	27.46	4.70	844.80
boeing	161.25	57.00	87.76	.	28.32	3.78	1987.15
boeing	244.16	54.00	102.86	104.44	27.62	4.68	2792.97
boeing	73.13	50.00	46.54	.	14.60	4.08	731.20
boeing	249.43	59.00	62.68	.	39.92	4.43	934.55
boeing	80.40	68.00	54.89	.	31.82	3.31	1213.93
boeing	113.36	56.00	113.96	113.75	44.74	3.94	4017.79
boeing	119.92	64.00	136.66	136.42	44.29	4.17	6309.95
boeing	197.18	58.00	113.89	113.45	33.46	4.23	3785.65
boeing	97.09	61.00	78.19	.	28.01	4.45	1341.18
boeing	120.82	57.00	102.05	101.34	20.83	3.99	2498.82
boeing	222.70	52.00	39.73	.	33.27	4.45	1037.91
boeing	215.48	65.00	75.27	.	50.17	3.92	1712.84
boeing	197.92	60.00	86.70	.	27.11	3.97	1937.26
boeing	164.23	54.00	76.13	.	28.05	4.58	1267.76
boeing	147.75	46.00	110.15	110.60	25.82	4.73	3435.39
boeing	115.09	63.00	79.93	.	19.55	4.63	1067.84
boeing	287.00	53.00	91.40	93.34	26.33	4.66	2020.27
boeing	156.85	57.00	83.54	.	27.61	3.96	1566.26
boeing	139.41	61.00	93.27	93.50	21.13	4.16	2191.33
boeing	211.09	54.00	89.95	91.12	33.66	4.29	2110.29
boeing	154.99	66.00	109.00	108.36	15.54	4.55	3097.07
boeing	128.94	79.00	106.93	108.43	30.46	4.84	3203.32
boeing	85.96	71.00	86.42	.	34.59	4.40	1703.51
boeing	197.55	68.00	126.67	127.96	23.76	2.99	5031.39
boeing	228.96	47.00	59.44	.	8.73	4.03	653.62
boeing	132.16	61.00	85.94	.	39.74	4.28	1712.11
boeing	232.79	56.00	123.96	122.19	26.37	4.06	4483.86
boeing	154.19	66.00	107.06	108.18	27.41	4.23	3158.88
boeing	117.22	60.00	66.46	.	28.24	4.09	979.60
boeing	95.46	57.00	90.82	92.92	40.49	5.01	2272.10
boeing	293.23	61.00	88.50	.	35.03	3.86	2079.85
boeing	145.17	56.00	67.28	.	39.00	4.80	1181.25
boeing	168.76	61.00	66.43	.	29.24	3.62	1163.32
boeing	154.28	66.00	62.08	.	22.66	4.61	974.86
boeing	149.87	63.00	60.62	.	35.46	4.95	1146.38
boeing	148.01	45.00	85.31	.	33.59	3.86	1683.31
boeing	161.46	65.00	73.98	.	30.67	4.88	1187.68
boeing	72.42	54.00	85.47	.	34.04	4.18	1978.31
boeing	225.56	55.00	55.55	.	36.42	4.49	1053.83
boeing	104.87	59.00	90.21	90.79	28.28	4.72	1880.29
boeing	107.34	64.00	99.02	97.33	32.89	4.38	2405.91
boeing	182.20	61.00	104.30	103.10	32.66	3.87	2689.16
boeing	143.33	68.00	33.82	.	37.68	4.07	936.58
boeing	146.04	69.00	71.79	.	-1.53	4.20	738.65
boeing	217.50	51.00	53.69	.	19.91	3.11	984.43
boeing	147.03	76.00	63.60	.	36.49	4.49	1051.94
boeing	114.26	61.00	90.01	.	39.10	4.62	2086.98
boeing	162.21	66.00	60.10	.	23.46	4.02	781.26
boeing	190.95	53.00	100.59	98.34	18.84	4.49	2164.52
boeing	131.52	50.00	48.33	.	29.34	3.62	967.46
boeing	272.04	59.00	118.92	120.40	15.05	4.11	4279.57
boeing	101.45	63.00	46.76	.	37.34	4.69	847.66
boeing	121.62	62.00	59.32	.	35.29	3.69	1083.39
boeing	172.56	77.00	82.30	.	44.76	4.23	1809.27
boeing	112.24	62.00	85.09	.	13.19	3.26	1782.37
boeing	161.83	80.00	82.51	.	36.68	4.69	1590.37
boeing	206.17	58.00	104.66	104.70	38.21	5.05	2930.21
boeing	117.02	49.00	54.73	.	26.06	4.45	800.13
boeing	159.64	63.00	60.42	.	16.34	3.94	858.41
boeing	137.73	48.00	57.90	.	30.59	3.54	831.09
boeing	184.04	62.00	69.71	.	15.35	4.04	1116.76
boeing	130.22	56.00	93.55	90.77	16.29	3.46	1852.00
boeing	222.29	63.00	101.52	101.12	27.16	3.36	2849.46
boeing	186.51	61.00	70.79	.	12.10	4.15	959.14
boeing	159.81	69.00	86.32	.	33.82	4.59	1898.74
boeing	194.85	50.00	64.46	.	34.55	4.61	962.79
boeing	163.96	42.00	78.28	.	15.73	4.06	1328.99
boeing	142.31	66.00	67.49	.	26.49	4.49	1234.50
boeing	191.12	56.00	42.02	.	43.88	3.41	1089.05
boeing	193.51	50.00	63.26	.	32.11	3.90	1100.35
boeing	196.86	55.00	42.53	.	27.59	4.49	872.58
boeing	159.85	61.00	107.30	105.91	15.33	4.25	2652.80
boeing	116.61	63.00	75.73	.	21.31	4.15	875.79
boeing	158.16	72.00	74.83	.	26.19	3.99	1449.08
boeing	219.72	76.00	88.10	.	42.09	4.65	1927.05
boeing	217.28	57.00	74.02	.	41.38	4.85	1579.76
boeing	79.05	67.00	54.25	.	43.97	4.29	1305.92
boeing	183.38	51.00	83.56	.	42.05	3.69	1826.76
boeing	133.46	73.00	57.05	.	1.25	4.72	371.28
boeing	212.95	57.00	79.34	.	55.09	4.77	1817.39
boeing	71.75	56.00	55.79	.	25.81	4.22	671.30
boeing	93.78	51.00	42.61	.	37.95	4.63	1122.03
boeing	183.07	50.00	83.27	.	26.90	4.60	1479.84
boeing	260.03	46.00	91.66	93.05	44.60	3.69	2482.66
boeing	169.84	59.00	91.79	91.28	31.44	4.55	2051.22
boeing	136.33	52.00	38.26	.	28.34	3.94	981.15
boeing	91.89	57.00	62.64	.	33.41	4.58	1029.34
boeing	124.54	75.00	69.88	.	31.31	4.69	1045.03
boeing	41.95	56.00	71.21	.	38.40	3.72	1225.51
boeing	124.88	61.00	63.46	.	27.25	4.51	1056.46
boeing	189.66	46.00	105.69	107.65	36.49	3.55	3447.36
boeing	277.18	52.00	119.65	120.19	25.18	4.93	4292.17
boeing	236.19	73.00	52.36	.	44.12	4.50	1078.10
boeing	114.19	67.00	77.42	.	21.66	4.63	1185.23
boeing	205.92	59.00	92.10	92.17	44.70	4.23	2339.38
boeing	107.73	64.00	93.75	94.41	29.61	4.30	2101.77
boeing	202.69	69.00	90.94	90.53	39.46	3.13	2191.10
boeing	96.94	70.00	94.03	94.52	23.59	4.15	2135.79
boeing	164.24	59.00	113.03	113.17	38.35	3.28	3913.23
boeing	130.17	77.00	55.09	.	38.03	4.10	998.10
boeing	210.96	60.00	70.06	.	37.12	4.91	1395.14
boeing	149.22	60.00	99.47	101.10	19.85	3.30	2560.76
boeing	209.06	64.00	76.01	.	40.46	4.51	1502.07
boeing	216.97	65.00	71.47	.	36.82	3.65	1267.11
boeing	142.14	61.00	105.10	103.35	28.63	3.45	3152.60
boeing	158.56	63.00	77.86	.	32.43	3.99	1457.76
boeing	171.20	47.00	44.64	.	35.05	3.91	993.18
boeing	151.30	59.00	88.96	.	12.87	4.54	1669.59
boeing	175.30	62.00	89.53	90.48	39.56	4.11	2196.47
boeing	209.67	48.00	76.52	.	41.41	4.19	1398.24
boeing	127.22	59.00	107.61	107.87	31.39	4.55	3133.35
boeing	160.33	66.00	87.89	.	19.45	4.81	1543.39
boeing	124.48	60.00	114.48	114.69	45.08	4.33	3873.10
boeing	228.88	58.00	72.78	.	44.70	3.97	1570.34
boeing	168.66	56.00	80.92	.	59.95	3.95	1936.01
boeing	218.78	65.00	88.99	.	22.93	3.48	1770.92
boeing	109.45	66.00	117.64	112.26	35.91	4.06	3741.07
boeing	134.83	60.00	73.84	.	32.78	4.07	1260.61
boeing	233.43	65.00	92.49	94.52	20.91	3.94	2104.09
boeing	131.23	62.00	79.62	.	32.94	5.07	1510.21
boeing	115.40	66.00	65.54	.	33.85	4.23	962.61
boeing	105.58	56.00	86.84	.	17.79	3.61	1723.75
boeing	198.37	52.00	69.10	.	35.27	3.73	1111.79
boeing	177.27	44.00	70.01	.	22.16	5.05	944.24
boeing	176.31	64.00	65.81	.	21.68	4.88	690.00
boeing	157.79	60.00	79.42	.	50.84	4.28	1960.43
boeing	64.16	68.00	75.59	.	32.97	4.06	1230.99
boeing	166.66	56.00	82.23	.	18.96	5.03	1338.47
boeing	56.55	48.00	84.55	.	26.39	4.88	1531.64
boeing	176.54	55.00	69.90	.	11.99	4.46	812.22
boeing	148.48	55.00	68.77	.	20.51	3.37	1191.94
boeing	148.44	65.00	53.54	.	30.16	3.57	1024.09
boeing	71.88	50.00	40.68	.	39.55	4.19	974.57
boeing	92.34	61.00	54.03	.	14.56	4.67	770.64
boeing	169.84	63.00	93.99	96.26	29.63	4.47	2444.53
boeing	106.51	64.00	92.89	92.65	20.39	4.12	1977.12
boeing	79.71	75.00	106.75	106.73	18.35	4.81	2785.86
boeing	100.00	63.00	77.98	.	48.74	3.64	1655.63
boeing	150.17	67.00	84.19	.	40.76	3.92	2065.31
boeing	86.58	55.00	80.39	.	37.01	3.65	1426.51
boeing	152.58	60.00	101.44	101.69	23.45	3.65	2740.80
boeing	174.61	48.00	100.27	98.72	25.32	4.16	2503.70
boeing	155.01	43.00	92.13	93.68	35.19	3.69	2370.01
boeing	105.97	53.00	64.19	.	30.30	3.81	1053.63
boeing	242.44	64.00	74.22	.	22.23	4.07	1338.26
boeing	168.23	74.00	86.85	.	16.89	3.83	1725.38
boeing	14.76	59.00	108.29	109.33	46.93	4.81	3645.61
boeing	109.28	69.00	79.73	.	31.06	4.28	1500.71
boeing	203.90	63.00	46.04	.	26.59	4.23	929.69
boeing	136.96	57.00	95.23	94.20	22.60	4.13	2270.05
boeing	190.75	60.00	89.80	.	26.56	4.51	1829.24
boeing	126.30	69.00	74.37	.	49.04	4.83	1548.69
boeing	193.50	55.00	56.91	.	33.29	4.02	969.96
boeing	180.64	67.00	55.83	.	41.05	4.12	1101.43
boeing	200.45	58.00	54.59	.	30.37	4.44	925.39
boeing	204.14	61.00	86.49	.	35.02	3.67	1935.07
boeing	161.11	49.00	80.13	.	31.19	4.81	1361.91
boeing	154.52	67.00	129.31	127.59	23.98	5.15	5058.47
boeing	89.36	55.00	111.20	110.68	41.85	3.86	3698.13
boeing	195.29	52.00	111.13	109.82	28.88	4.77	3439.73
boeing	163.79	55.00	82.56	.	37.12	3.60	1813.84
boeing	247.98	52.00	62.90	.	42.13	4.84	1021.99
boeing	142.68	64.00	43.35	.	37.36	5.09	807.80
boeing	99.10	47.00	73.85	.	18.78	4.92	1352.96
boeing	151.46	56.00	41.61	.	25.01	4.61	735.80
boeing	106.64	66.00	64.89	.	29.44	5.02	924.10
boeing	122.77	60.00	64.42	.	39.04	4.41	966.91
boeing	133.77	52.00	80.42	.	11.97	4.25	1200.94
boeing	70.97	55.00	58.89	.	26.03	4.31	987.79
boeing	75.01	60.00	99.38	99.94	33.95	4.40	2578.24
boeing	126.32	65.00	65.89	.	19.60	4.69	846.18
boeing	117.32	58.00	67.05	.	34.30	3.96	1174.75
boeing	206.07	44.00	61.85	.	26.94	3.94	896.58
boeing	211.17	51.00	65.10	.	27.03	4.42	980.45
boeing	211.89	48.00	43.17	.	34.92	4.03	1057.15
boeing	131.03	54.00	69.74	.	37.51	4.29	1387.77
boeing	204.96	64.00	95.68	99.11	41.44	4.78	2718.43
boeing	167.62	56.00	110.99	109.75	58.08	4.50	3723.05
boeing	123.19	63.00	73.88	.	47.17	4.44	1394.53
boeing	166.10	48.00	116.59	118.01	13.26	3.13	4129.04
boeing	102.42	66.00	104.03	102.85	27.83	4.86	2637.53
boeing	79.28	55.00	90.25	90.37	40.28	3.95	2001.05
boeing	164.10	58.00	71.18	.	35.06	3.96	1310.60
boeing	124.71	64.00	72.26	.	36.32	4.17	1105.25
boeing	197.88	59.00	88.69	90.73	38.03	5.12	2073.16
boeing	159.22	29.00	62.70	.	27.15	3.64	1016.95
boeing	176.26	60.00	93.07	94.97	35.55	5.12	2238.36
boeing	126.04	57.00	105.72	105.10	37.33	4.06	2984.02
boeing	186.22	60.00	83.24	.	36.09	4.62	1771.62
boeing	99.19	60.00	119.68	123.05	27.56	3.64	4455.65
boeing	192.18	67.00	34.30	.	30.14	4.50	1001.08
boeing	146.35	53.00	84.94	.	24.87	3.89	1658.97
boeing	149.69	69.00	64.96	.	22.24	4.11	786.61
boeing	72.50	60.00	93.14	91.59	28.31	4.73	2072.91
boeing	163.61	60.00	97.50	99.43	34.08	4.74	2652.96
boeing	194.47	82.00	40.82	.	22.62	4.88	761.49
boeing	226.57	68.00	50.86	.	31.06	4.12	840.54
boeing	172.67	60.00	78.77	.	20.22	4.42	1195.94
boeing	157.81	64.00	78.85	.	19.14	4.26	1435.92
boeing	128.89	63.00	102.54	104.62	28.79	4.70	2774.45
boeing	87.74	67.00	92.40	92.43	34.11	4.34	2144.58
boeing	224.75	59.00	91.22	92.75	31.36	4.25	2174.70
boeing	121.93	52.00	99.85	100.66	17.88	4.64	2478.61
boeing	129.41	63.00	85.54	.	25.43	4.40	1679.74
boeing	84.30	65.00	34.12	.	35.27	4.29	1198.09
boeing	193.73	61.00	91.51	93.21	29.84	4.07	2186.62
boeing	201.89	52.00	81.55	.	25.60	4.13	1646.70
boeing	172.44	63.00	74.83	.	22.17	4.32	1176.12
boeing	31.39	51.00	98.22	99.06	52.47	4.16	2808.32
boeing	92.45	49.00	101.54	101.85	18.17	4.82	2573.05
boeing	106.11	69.00	97.17	98.64	38.44	3.58	2628.54
boeing	158.42	62.00	65.64	.	26.96	3.46	1154.22
boeing	146.55	53.00	58.29	.	27.97	4.31	919.05
boeing	63.33	52.00	132.78	132.91	18.18	4.11	5343.20
boeing	124.38	72.00	60.37	.	3.79	3.71	641.60
boeing	213.98	49.00	80.39	.	16.96	4.10	1531.29
boeing	173.75	70.00	68.46	.	35.03	4.96	1098.28
boeing	141.65	54.00	65.00	.	12.72	4.37	960.18
boeing	119.64	68.00	70.18	.	2.21	3.74	816.21
boeing	84.37	51.00	75.12	.	34.88	3.93	1270.30
boeing	146.18	59.00	65.33	.	32.67	4.41	968.44
boeing	147.99	59.00	80.99	.	21.71	3.36	1485.54
boeing	177.62	49.00	65.57	.	8.83	3.67	839.27
boeing	192.27	64.00	71.75	.	15.87	4.47	920.72
boeing	136.65	50.00	61.20	.	28.41	4.00	1123.40
boeing	160.34	63.00	78.27	.	32.73	3.90	1346.54
boeing	233.43	68.00	34.22	.	28.63	4.79	955.91
boeing	168.63	70.00	77.54	.	21.05	4.22	1375.02
boeing	94.32	66.00	83.64	.	23.47	3.55	1499.72
boeing	164.77	67.00	53.11	.	27.92	4.32	819.24
boeing	130.75	61.00	65.76	.	28.67	4.48	893.58
boeing	142.42	59.00	80.43	.	19.79	4.02	1445.87
boeing	183.96	63.00	45.86	.	39.80	3.96	1050.55
boeing	147.91	64.00	90.50	.	31.40	4.36	1853.95
boeing	134.22	58.00	43.12	.	36.99	3.85	977.40
boeing	137.92	54.00	47.15	.	46.43	5.12	1128.97
boeing	99.68	61.00	121.84	120.95	33.18	3.87	4427.67
boeing	68.20	63.00	67.96	.	39.48	4.78	1344.34
boeing	83.51	67.00	78.63	.	17.34	3.86	1104.40
boeing	212.29	46.00	89.53	90.63	35.49	4.00	2148.11
boeing	153.83	61.00	126.84	126.12	20.55	4.33	4736.60
airbus	132.47	80.00	100.01	100.89	41.03	4.30	2554.83
airbus	109.20	43.00	82.48	.	30.14	4.09	1321.00
airbus	93.95	58.00	96.88	98.09	29.18	3.97	2008.22
airbus	45.64	60.00	93.79	.	42.83	4.27	2003.44
airbus	99.15	63.00	97.10	96.91	33.14	3.52	2060.17
airbus	199.44	69.00	58.11	.	24.20	3.63	418.02
airbus	141.97	63.00	85.85	.	46.47	3.40	1492.67
airbus	203.13	55.00	90.26	.	42.32	3.27	1446.86
airbus	199.80	55.00	61.71	.	34.98	4.08	643.86
airbus	112.87	60.00	104.46	103.67	23.78	3.90	2489.00
airbus	148.50	53.00	99.87	98.72	39.52	3.90	2404.74
airbus	89.08	57.00	74.21	.	25.75	3.68	852.78
airbus	109.79	50.00	85.88	.	33.47	3.46	1408.57
airbus	209.19	54.00	50.81	.	38.84	4.03	566.93
airbus	143.52	66.00	78.58	.	33.75	2.28	1011.34
airbus	147.81	60.00	84.69	.	45.64	3.66	1454.30
airbus	217.12	66.00	94.81	97.63	33.06	3.82	2017.60
airbus	142.47	66.00	63.92	.	30.15	3.07	428.99
airbus	99.02	56.00	91.24	.	15.60	3.37	1450.58
airbus	198.87	58.00	61.13	.	22.52	3.45	397.54
airbus	131.73	60.00	131.04	131.34	28.28	3.66	4896.29
airbus	274.22	65.00	84.14	.	28.40	3.59	944.67
airbus	160.39	55.00	103.28	105.19	54.20	3.95	2837.08
airbus	79.34	64.00	92.53	.	22.23	3.60	1816.98
airbus	87.35	59.00	87.93	.	28.79	4.01	1555.40
airbus	139.58	63.00	95.68	.	31.65	3.64	1819.59
airbus	103.66	50.00	83.44	.	24.60	3.90	1251.43
airbus	137.15	52.00	89.06	.	44.76	3.75	1528.03
airbus	205.36	56.00	91.46	.	19.37	3.38	1658.46
airbus	122.73	68.00	94.35	97.57	45.46	4.21	2376.80
airbus	180.00	66.00	57.24	.	35.33	3.07	383.58
airbus	149.62	73.00	91.58	.	30.86	3.27	1457.05
airbus	182.88	76.00	66.33	.	30.28	3.47	616.15
airbus	117.74	59.00	47.68	.	28.61	3.75	406.09
airbus	123.30	41.00	97.57	96.98	38.41	3.53	2167.76
airbus	213.64	63.00	84.91	.	36.43	4.18	1829.16
airbus	45.50	58.00	107.29	105.69	21.83	3.40	2542.34
airbus	241.45	73.00	77.97	.	28.98	3.53	1000.59
airbus	181.52	56.00	92.13	.	20.59	4.18	1656.06
airbus	234.44	68.00	92.64	.	43.08	3.86	1860.80
airbus	145.23	53.00	74.36	.	27.91	3.84	853.28
airbus	191.36	62.00	88.39	.	28.35	4.36	1465.26
airbus	16.89	54.00	94.51	95.93	37.48	4.17	2162.93
airbus	91.14	51.00	81.95	.	27.50	3.57	937.68
airbus	113.38	52.00	98.89	100.53	33.57	3.50	2169.67
airbus	192.31	52.00	79.41	.	40.21	3.78	1216.27
airbus	247.50	66.00	100.75	100.84	19.03	3.17	2123.15
airbus	237.41	48.00	53.77	.	28.26	3.18	241.16
airbus	113.91	50.00	90.69	.	19.12	3.58	1394.71
airbus	193.80	68.00	84.98	.	27.99	4.50	1522.96
airbus	178.54	50.00	77.08	.	24.83	2.69	880.80
airbus	203.25	53.00	81.27	.	26.16	4.17	1141.45
airbus	193.12	59.00	96.20	98.12	42.31	3.61	2330.99
airbus	137.81	63.00	69.12	.	31.15	4.06	825.11
airbus	147.25	70.00	88.00	.	34.08	4.40	1467.70
airbus	217.73	61.00	77.05	.	28.87	3.78	877.33
airbus	188.02	38.00	85.18	.	37.03	4.12	1257.01
airbus	249.89	70.00	99.07	98.87	36.20	4.49	2268.78
airbus	175.13	58.00	66.94	.	40.52	3.92	795.71
airbus	248.10	67.00	83.35	.	39.98	4.00	1083.18
airbus	107.23	60.00	75.90	.	22.06	4.23	778.16
airbus	162.79	74.00	95.51	.	37.35	3.90	1685.38
airbus	216.88	45.00	91.62	.	38.32	4.74	1967.61
airbus	31.70	61.00	76.35	.	30.99	2.82	948.47
airbus	199.51	51.00	59.10	.	41.60	3.64	562.17
airbus	108.72	64.00	99.82	100.31	16.22	4.31	2080.22
airbus	188.91	65.00	71.64	.	27.37	3.36	642.45
airbus	202.28	52.00	59.56	.	31.83	4.92	650.33
airbus	145.17	67.00	109.61	107.31	27.89	4.22	2781.73
airbus	223.95	56.00	99.33	99.40	36.78	3.18	2059.54
airbus	215.14	61.00	76.36	.	34.76	4.63	1085.82
airbus	123.18	63.00	106.93	106.76	26.93	3.20	2770.43
airbus	77.46	66.00	103.32	98.13	20.12	4.33	2167.27
airbus	184.35	70.00	73.01	.	31.02	3.99	884.35
airbus	143.68	55.00	59.08	.	52.38	3.65	817.12
airbus	125.28	50.00	71.07	.	39.22	4.23	886.89
airbus	190.83	71.00	93.80	.	45.78	3.97	2143.27
airbus	173.37	62.00	92.30	.	19.24	3.40	1451.40
airbus	181.70	48.00	79.79	.	34.53	3.76	1159.55
airbus	142.59	66.00	51.16	.	8.56	3.91	242.60
airbus	208.88	56.00	53.89	.	23.50	4.00	375.33
airbus	184.62	65.00	95.62	95.01	23.28	4.57	1763.77
airbus	133.51	64.00	60.18	.	31.11	4.27	512.84
airbus	54.22	57.00	63.42	.	42.95	4.55	700.99
airbus	161.09	64.00	94.53	.	49.24	4.51	2134.19
airbus	192.28	64.00	33.57	.	36.97	4.36	782.72
airbus	103.09	73.00	92.99	.	-3.33	4.83	1567.67
airbus	102.95	56.00	84.41	.	45.91	3.80	1495.05
airbus	179.90	61.00	93.18	.	37.57	4.32	1938.53
airbus	168.80	47.00	92.91	95.76	23.78	3.91	1955.30
airbus	171.44	55.00	86.77	.	25.92	3.98	1188.16
airbus	140.42	61.00	100.09	100.51	35.49	3.53	2369.08
airbus	186.20	60.00	82.49	.	38.18	2.87	1143.12
airbus	139.64	57.00	64.36	.	41.32	2.68	714.71
airbus	173.64	56.00	93.02	.	31.34	4.11	1840.05
airbus	88.44	60.00	81.34	.	19.56	3.43	1101.56
airbus	149.82	59.00	80.20	.	27.52	3.83	1188.62
airbus	128.37	64.00	55.46	.	14.65	3.98	180.57
airbus	149.69	54.00	80.50	.	38.39	4.65	1153.89
airbus	206.55	77.00	76.46	.	31.92	3.80	877.02
airbus	188.92	61.00	72.88	.	49.08	3.90	1133.55
airbus	92.65	53.00	55.16	.	30.17	4.47	623.01
airbus	104.78	59.00	55.03	.	51.78	4.48	837.97
airbus	182.71	45.00	77.81	.	20.19	4.18	905.50
airbus	157.17	48.00	101.84	103.63	23.01	4.94	2524.57
airbus	138.23	59.00	64.81	.	14.78	4.22	402.93
airbus	165.50	75.00	56.98	.	40.39	4.33	762.73
airbus	55.92	71.00	98.67	98.94	40.21	3.88	2190.00
airbus	104.61	56.00	57.99	.	33.55	4.12	584.80
airbus	99.35	51.00	88.51	.	29.69	3.92	1446.57
airbus	190.79	58.00	93.67	95.10	33.63	3.46	2048.49
airbus	210.57	60.00	77.46	.	24.07	4.84	1023.10
airbus	93.54	40.00	80.63	.	28.60	3.62	1021.09
airbus	173.57	48.00	69.44	.	21.24	4.23	860.44
airbus	164.88	55.00	81.17	.	32.28	3.56	1176.58
airbus	207.39	73.00	104.70	107.79	9.70	3.17	2340.58
airbus	184.53	63.00	71.21	.	20.94	3.63	615.76
airbus	109.54	67.00	85.06	.	28.18	3.76	1553.50
airbus	60.53	64.00	52.98	.	23.87	4.32	487.47
airbus	130.37	76.00	72.34	.	32.49	4.29	839.25
airbus	151.68	68.00	100.64	102.11	32.98	4.48	2454.20
airbus	112.08	58.00	76.77	.	25.95	3.44	824.04
airbus	186.22	51.00	69.92	.	29.10	4.39	1040.62
airbus	153.20	54.00	73.92	.	25.51	3.73	807.35
airbus	214.73	65.00	114.65	114.16	35.64	3.80	3541.58
airbus	175.53	61.00	65.04	.	13.81	3.49	280.80
airbus	176.45	68.00	67.76	.	44.62	3.78	786.14
airbus	231.88	63.00	68.90	.	31.85	3.81	764.04
airbus	182.45	66.00	52.71	.	24.30	4.19	317.81
airbus	161.24	60.00	77.83	.	45.60	4.03	1173.41
airbus	167.25	71.00	82.95	.	53.44	4.03	1484.96
airbus	188.37	53.00	88.90	.	22.91	4.00	1418.80
airbus	199.34	63.00	106.33	105.11	42.97	3.63	2762.48
airbus	115.38	70.00	56.84	.	41.06	3.50	754.78
airbus	156.95	55.00	87.51	.	30.62	3.59	1548.47
airbus	191.31	66.00	44.26	.	49.29	3.70	901.41
airbus	162.52	62.00	74.92	.	14.40	3.11	433.66
airbus	199.50	55.00	64.46	.	26.66	4.29	767.76
airbus	157.94	67.00	61.15	.	34.59	4.59	867.01
airbus	199.92	48.00	109.30	109.56	33.07	4.04	3177.19
airbus	203.32	50.00	64.66	.	35.12	3.59	789.54
airbus	250.58	74.00	73.20	.	45.40	3.85	1013.30
airbus	157.91	68.00	56.50	.	-0.07	4.69	380.36
airbus	127.23	61.00	79.63	.	32.90	3.75	1059.55
airbus	140.70	60.00	75.94	.	16.33	4.43	990.15
airbus	139.31	44.00	99.60	99.16	35.19	3.84	2116.08
airbus	50.05	63.00	55.96	.	39.21	3.70	833.57
airbus	114.09	56.00	86.05	.	28.55	3.98	1392.42
airbus	84.38	49.00	112.19	112.19	30.20	4.75	3313.07
airbus	166.05	56.00	84.91	.	38.04	3.67	1218.70
airbus	185.40	87.00	92.13	.	45.09	3.42	1826.80
airbus	184.67	60.00	88.80	.	20.82	4.09	1366.41
airbus	114.90	58.00	75.88	.	46.16	5.04	1178.60
airbus	150.03	67.00	87.57	.	17.54	3.02	1219.62
airbus	203.41	57.00	80.02	.	31.88	4.45	1155.99
airbus	177.26	63.00	98.59	97.48	22.13	3.43	1899.71
airbus	273.59	62.00	76.19	.	19.27	4.10	789.14
airbus	177.22	67.00	90.67	.	30.35	3.71	1638.12
airbus	199.58	71.00	81.55	.	30.05	3.84	1264.93
airbus	192.58	60.00	110.41	110.04	39.82	2.83	2919.58
airbus	173.77	65.00	94.74	95.29	38.73	3.16	1882.94
airbus	188.41	56.00	65.94	.	32.02	4.14	816.22
airbus	176.08	58.00	88.01	.	16.70	4.07	1380.27
airbus	111.21	65.00	68.36	.	47.39	3.31	969.55
airbus	177.19	69.00	92.81	.	29.65	4.16	1960.48
airbus	140.49	61.00	92.39	.	19.29	4.05	1714.90
airbus	158.54	62.00	118.52	117.65	25.79	3.52	3469.15
airbus	156.44	72.00	81.75	.	36.08	3.73	1125.97
airbus	221.59	48.00	76.37	.	19.40	4.87	932.57
airbus	199.92	53.00	58.57	.	35.20	3.06	634.09
airbus	106.82	77.00	63.22	.	34.76	3.92	656.19
airbus	289.32	55.00	81.69	.	12.32	3.72	829.19
airbus	179.19	52.00	87.94	.	18.55	3.87	1243.03
airbus	182.27	60.00	89.71	.	32.74	3.34	1479.43
airbus	180.35	61.00	59.15	.	27.88	3.24	475.15
airbus	94.83	49.00	86.48	.	29.29	3.78	1555.53
airbus	145.78	52.00	111.67	111.33	36.04	3.51	3311.84
airbus	207.11	64.00	83.00	.	19.74	4.47	1116.56
airbus	149.21	66.00	63.82	.	11.24	3.60	370.47
airbus	128.59	62.00	86.24	.	10.75	4.11	1158.59
airbus	163.52	62.00	72.03	.	0.09	3.62	537.92
airbus	61.21	63.00	76.04	.	27.95	3.80	1296.77
airbus	96.77	82.00	90.74	.	33.02	3.55	1811.98
airbus	142.06	70.00	74.89	.	32.80	3.02	811.32
airbus	224.05	67.00	96.44	.	29.39	3.46	1728.49
airbus	194.69	61.00	113.82	113.57	33.47	3.63	3296.36
airbus	190.77	60.00	74.52	.	44.46	3.76	1122.19
airbus	144.83	53.00	88.21	.	27.99	3.09	1259.17
airbus	150.95	58.00	66.42	.	-2.92	3.12	34.08
airbus	157.98	56.00	109.18	108.23	21.25	3.26	2810.70
airbus	171.37	57.00	85.85	.	41.87	3.58	1715.53
airbus	183.62	69.00	53.54	.	31.74	3.52	349.16
airbus	163.23	64.00	56.32	.	28.37	3.26	479.58
airbus	105.14	53.00	60.01	.	35.91	3.92	561.27
airbus	49.01	53.00	82.71	.	27.06	4.25	1312.67
airbus	201.19	54.00	99.02	98.22	39.32	4.39	2481.26
airbus	212.05	63.00	51.59	.	20.45	3.06	133.09
airbus	196.03	59.00	85.69	.	6.23	3.78	976.43
airbus	132.14	70.00	90.18	.	23.84	4.23	1539.69
airbus	189.58	58.00	61.00	.	37.35	3.30	498.77
airbus	162.31	55.00	78.71	.	31.44	3.41	1138.94
airbus	178.34	55.00	87.02	.	38.19	4.36	1693.40
airbus	156.46	59.00	72.59	.	14.08	3.74	408.98
airbus	144.82	65.00	92.59	.	20.59	3.20	1710.35
airbus	91.65	76.00	89.54	.	47.60	4.30	1862.56
airbus	98.99	65.00	66.23	.	31.52	4.24	587.19
airbus	100.09	49.00	73.47	.	33.86	3.47	892.02
airbus	119.51	75.00	82.10	.	39.81	2.78	1186.68
airbus	119.44	54.00	89.78	.	28.43	3.94	1285.55
airbus	253.73	53.00	67.73	.	28.10	4.82	714.51
airbus	156.19	59.00	76.17	.	51.17	3.26	1198.94
airbus	201.67	52.00	75.80	.	38.40	3.12	1051.57
airbus	117.44	60.00	77.93	.	18.99	4.12	779.90
airbus	150.55	69.00	67.82	.	41.12	4.20	925.68
airbus	121.92	65.00	108.14	106.70	21.44	3.36	2435.82
airbus	122.73	64.00	67.92	.	34.48	3.92	776.26
airbus	190.74	77.00	47.88	.	14.84	2.73	41.72
airbus	95.85	62.00	96.92	99.84	21.42	3.84	2094.00
airbus	149.33	62.00	98.73	98.15	16.10	4.32	1885.75
airbus	198.37	56.00	85.73	.	49.27	4.44	1712.63
airbus	191.43	66.00	98.26	99.96	45.15	4.39	2640.38
airbus	155.99	64.00	86.03	.	41.66	3.72	1598.20
airbus	93.06	59.00	72.93	.	22.46	4.16	853.03
airbus	137.85	61.00	76.10	.	25.09	3.23	691.69
airbus	111.88	62.00	68.19	.	31.79	4.36	709.56
airbus	152.56	67.00	75.56	.	48.52	3.51	978.87
airbus	217.84	68.00	77.67	.	35.22	3.18	1070.82
airbus	202.11	53.00	76.33	.	50.75	3.54	1052.69
airbus	187.53	70.00	74.60	.	17.90	4.63	892.98
airbus	216.56	69.00	59.85	.	28.24	3.43	758.99
airbus	214.22	45.00	72.49	.	33.23	4.37	748.77
airbus	188.78	58.00	81.23	.	29.02	2.67	978.59
airbus	94.60	62.00	63.62	.	31.62	3.60	574.17
airbus	196.98	54.00	79.15	.	13.66	3.94	813.23
airbus	151.39	59.00	69.48	.	24.97	3.82	690.52
airbus	169.75	65.00	43.92	.	43.05	3.37	735.82
airbus	214.79	59.00	56.29	.	19.10	3.92	321.52
airbus	115.87	45.00	86.88	.	34.84	3.80	1262.15
airbus	81.88	63.00	70.80	.	36.42	3.61	816.96
airbus	140.67	48.00	120.45	118.67	30.35	4.37	3891.47
airbus	204.56	69.00	76.61	.	11.47	3.26	636.74
airbus	100.25	61.00	41.10	.	34.56	3.49	668.93
airbus	305.62	55.00	75.51	.	18.82	3.43	748.17
airbus	197.98	61.00	69.87	.	31.21	4.08	767.93
airbus	58.97	62.00	88.66	.	16.22	2.83	1359.84
airbus	119.63	68.00	66.36	.	34.62	4.02	883.60
airbus	156.10	63.00	67.88	.	31.01	3.87	637.65
airbus	128.69	56.00	43.85	.	34.11	3.31	554.07
airbus	170.42	56.00	89.87	.	46.86	3.65	1734.33
airbus	256.16	63.00	73.14	.	37.06	4.65	1242.84
airbus	211.25	56.00	74.34	.	11.52	2.80	485.19
airbus	160.84	48.00	87.55	.	28.55	4.42	1410.19
airbus	220.31	57.00	101.13	101.81	32.95	4.16	2461.99
airbus	176.42	56.00	81.22	.	28.48	4.19	1134.88
airbus	160.32	74.00	77.64	.	27.20	4.70	863.80
airbus	199.50	72.00	58.51	.	38.59	3.55	432.73
airbus	195.66	61.00	72.63	.	24.36	3.64	714.33
airbus	148.45	64.00	84.34	.	11.67	3.34	1085.48
airbus	157.87	69.00	63.31	.	41.29	4.01	698.48
airbus	111.19	52.00	74.93	.	31.60	4.63	1046.16
airbus	91.31	53.00	86.36	.	27.53	3.86	1381.56
airbus	137.59	66.00	126.24	127.94	35.18	2.70	4795.64
airbus	110.84	71.00	78.04	.	29.51	4.58	1122.28
airbus	71.57	65.00	95.78	96.31	27.69	3.42	1740.90
airbus	121.13	64.00	81.33	.	39.36	4.51	1419.85
airbus	170.12	54.00	112.83	108.22	35.48	4.03	2808.99
airbus	163.68	55.00	113.02	114.88	28.64	4.75	3559.76
airbus	156.97	56.00	82.09	.	12.88	3.60	899.59
airbus	198.42	58.00	64.31	.	17.46	3.82	383.91
airbus	85.68	56.00	97.35	96.17	19.24	3.32	1790.24
airbus	183.13	62.00	81.25	.	29.01	4.03	1193.08
airbus	83.54	71.00	78.51	.	18.34	3.57	785.96
airbus	199.22	53.00	66.39	.	31.97	3.57	757.86
airbus	167.39	53.00	85.94	.	9.16	3.16	1107.70
airbus	129.67	68.00	67.96	.	14.72	4.30	436.68
airbus	113.39	66.00	64.35	.	28.29	4.40	537.86
airbus	87.90	63.00	77.22	.	27.55	4.09	1076.23
airbus	156.32	60.00	88.88	.	29.79	4.24	1588.82
airbus	175.69	62.00	56.59	.	48.84	4.02	840.86
airbus	259.10	54.00	54.95	.	30.95	4.03	561.45
airbus	110.58	62.00	99.69	97.49	24.09	3.87	1783.81
airbus	183.35	64.00	78.91	.	25.52	4.49	870.09
airbus	150.60	49.00	111.24	109.85	42.83	3.92	3156.53
airbus	239.99	68.00	104.20	104.96	27.32	3.84	2606.25
airbus	117.97	62.00	88.11	.	28.40	3.84	1539.76
airbus	218.88	61.00	70.70	.	34.61	3.33	737.57
airbus	127.81	62.00	81.76	.	38.96	4.45	1526.75
airbus	140.45	75.00	120.42	118.48	31.26	2.80	3470.58
airbus	124.91	64.00	65.76	.	36.57	3.24	606.03
airbus	153.44	61.00	54.59	.	29.15	3.27	424.16
airbus	123.07	62.00	106.08	105.31	32.78	3.36	2493.20
airbus	197.43	45.00	81.38	.	46.29	4.21	1459.50
airbus	180.37	63.00	81.06	.	24.40	3.51	1075.15
airbus	94.49	62.00	69.28	.	32.27	4.12	836.49
airbus	137.80	56.00	68.08	.	44.68	3.97	1083.83
airbus	208.16	63.00	93.51	.	36.98	3.94	1786.88
airbus	88.53	70.00	89.17	.	19.84	4.01	1315.97
airbus	73.80	56.00	85.57	.	34.04	3.80	1414.28
airbus	162.55	50.00	73.34	.	25.78	4.32	929.57
airbus	130.85	63.00	97.38	96.73	22.50	3.81	2092.86
airbus	89.28	63.00	82.74	.	34.43	4.25	1511.46
airbus	42.15	63.00	46.26	.	20.49	3.48	383.56
airbus	146.11	57.00	69.56	.	34.27	4.88	854.47
airbus	164.62	75.00	86.60	.	27.66	4.58	1366.38
airbus	189.85	53.00	86.18	.	25.91	3.28	1327.19
airbus	116.60	70.00	94.02	.	24.37	3.66	1610.42
airbus	260.50	53.00	63.49	.	35.37	3.97	812.16
airbus	246.44	55.00	78.54	.	32.43	4.49	972.11
airbus	162.96	74.00	79.66	.	31.45	3.81	1092.87
airbus	186.10	53.00	98.44	98.56	48.85	3.31	2299.95
airbus	212.55	59.00	70.25	.	26.20	3.09	647.05
airbus	162.71	54.00	98.19	96.52	29.63	3.05	1975.11
airbus	109.91	64.00	95.80	.	21.55	3.49	1711.49
airbus	199.36	55.00	71.30	.	15.10	3.60	455.56
airbus	151.21	59.00	81.31	.	41.69	3.66	1519.32
airbus	207.69	61.00	54.54	.	19.61	3.97	397.01
airbus	98.18	60.00	53.75	.	25.55	3.71	378.83
airbus	153.03	56.00	88.10	.	21.25	3.16	1296.22
airbus	139.94	68.00	73.28	.	25.98	3.67	805.10
airbus	149.65	46.00	69.04	.	48.56	4.20	1127.80
airbus	154.24	65.00	102.88	100.67	24.35	2.94	2119.31
airbus	152.13	49.00	67.96	.	43.97	4.61	1097.38
airbus	236.14	54.00	61.26	.	26.57	4.38	455.51
airbus	156.01	72.00	96.41	96.13	20.47	4.30	1816.59
airbus	122.34	56.00	99.56	98.88	35.56	3.89	2283.19
airbus	168.56	60.00	93.27	.	33.65	3.34	1858.05
airbus	205.03	59.00	79.86	.	46.34	4.66	1189.83
airbus	230.32	58.00	55.11	.	29.86	3.26	270.84
airbus	124.70	51.00	109.78	110.57	10.10	4.47	3054.41
airbus	155.02	59.00	61.46	.	24.82	3.83	617.03
airbus	141.81	50.00	69.84	.	42.75	4.50	815.07
airbus	131.29	60.00	60.03	.	36.99	4.16	581.81
airbus	106.29	63.00	92.81	.	31.32	3.48	1477.86
airbus	112.82	68.00	73.97	.	20.11	4.34	755.79
airbus	58.18	56.00	68.02	.	32.74	4.68	950.58
airbus	182.65	69.00	105.89	107.53	35.29	3.39	2948.81
airbus	103.48	62.00	85.03	.	11.72	3.86	1287.76
airbus	269.11	56.00	65.52	.	30.81	3.25	753.72
airbus	302.97	64.00	70.23	.	37.42	3.25	847.93
airbus	94.43	61.00	86.42	.	25.40	4.72	1561.03
airbus	228.00	60.00	58.90	.	31.58	4.25	595.03
airbus	207.95	60.00	76.83	.	33.62	3.57	1181.74
airbus	117.26	61.00	66.08	.	14.57	3.71	436.15
airbus	203.39	67.00	60.56	.	29.77	3.75	698.90
airbus	228.34	56.00	82.20	.	20.84	3.77	1086.19
airbus	149.84	64.00	70.23	.	18.13	4.38	626.82
airbus	106.37	66.00	53.37	.	51.00	2.83	538.97
airbus	65.13	71.00	78.52	.	22.22	3.97	1085.61
airbus	161.23	62.00	100.63	100.88	20.29	2.86	1990.85
airbus	164.84	62.00	93.40	95.57	25.83	3.10	1868.17
airbus	127.31	60.00	99.69	99.46	28.97	4.11	2032.77
airbus	179.56	60.00	81.18	.	33.23	3.99	1159.35
airbus	62.31	69.00	74.46	.	28.60	3.68	1083.73
airbus	110.40	61.00	59.53	.	33.42	3.23	657.50
airbus	126.08	54.00	36.42	.	33.80	4.87	869.03
airbus	92.17	58.00	48.17	.	34.76	3.95	558.37
airbus	132.27	50.00	87.92	.	37.79	3.74	1644.09
airbus	207.17	64.00	85.51	.	21.39	3.81	1304.90
airbus	180.77	59.00	66.81	.	42.71	4.15	772.64
airbus	117.77	51.00	77.09	.	18.39	3.45	677.58
airbus	157.58	64.00	101.37	101.35	21.41	3.24	2028.97
airbus	247.53	58.00	68.25	.	13.86	3.42	492.75
airbus	130.90	62.00	87.06	.	36.29	3.86	1606.31
airbus	119.11	66.00	93.92	.	11.20	4.26	1504.75
airbus	130.32	58.00	110.77	112.53	50.77	3.38	3437.66
airbus	91.53	53.00	88.57	.	23.79	3.63	1281.28
airbus	89.12	52.00	70.00	.	39.55	3.58	1016.68
airbus	176.94	59.00	89.50	.	36.18	3.34	1701.15
airbus	248.73	58.00	49.46	.	16.80	3.76	452.13
airbus	175.51	49.00	125.21	125.14	22.52	4.37	4254.93
airbus	261.39	68.00	57.08	.	15.76	3.80	350.60
airbus	127.47	54.00	91.01	.	29.87	4.23	1897.82
airbus	133.74	50.00	52.33	.	18.04	3.94	513.50
airbus	165.01	49.00	91.11	.	40.42	3.54	1626.17
airbus	146.47	65.00	72.05	.	33.34	3.93	739.74
airbus	168.64	67.00	88.52	.	36.19	3.83	1574.20
airbus	68.16	64.00	91.95	.	27.81	3.81	1878.76
airbus	141.89	60.00	103.87	105.56	38.13	4.24	2711.46
airbus	58.50	58.00	65.07	.	47.58	4.20	946.47
airbus	98.77	73.00	91.27	.	37.51	3.84	1818.96
airbus	147.72	67.00	114.85	113.17	58.23	3.67	3665.80
airbus	194.02	53.00	72.83	.	45.54	4.43	1115.41
airbus	134.69	57.00	44.13	.	27.18	3.01	417.54
airbus	220.06	61.00	120.56	118.29	15.67	4.11	3499.73
airbus	122.60	61.00	82.35	.	30.26	3.83	1219.31
airbus	127.08	58.00	83.20	.	16.03	3.31	1022.08
airbus	172.05	36.00	47.49	.	13.98	4.30	250.69
airbus	98.50	66.00	123.31	124.39	22.33	4.28	4295.90
airbus	165.19	58.00	89.95	.	30.86	4.17	1711.61
airbus	104.63	63.00	69.08	.	28.40	4.17	812.32
airbus	264.59	55.00	102.75	102.41	38.53	4.17	2623.65
airbus	182.75	71.00	84.33	.	28.93	2.99	1190.02
airbus	80.48	67.00	60.79	.	33.80	3.72	563.10
airbus	194.99	68.00	91.15	.	15.38	3.51	1445.16
airbus	149.36	67.00	98.03	99.42	40.99	4.73	2440.38
airbus	98.46	50.00	73.94	.	42.35	3.96	1027.21
airbus	114.23	57.00	79.98	.	42.24	3.79	1162.40
airbus	118.58	63.00	75.37	.	31.34	3.56	960.26
airbus	200.62	63.00	77.15	.	23.60	3.02	899.43
airbus	124.14	59.00	66.46	.	48.07	4.17	853.86